Please do not use Windows notepad to view
w= 0.020000

iteration times= 2868.000000

-723.084523
863.589305
-1782.029319
-551.521270
-1076.001074
385.771867
-144.557166
502.634739
725.571658
w= 0.040000

iteration times= 1361.000000

-180.771127
215.897330
-445.507328
-137.880316
-269.000267
96.442971
-36.139287
125.658685
181.392915
w= 0.060000

iteration times= 877.000000

-80.342721
95.954370
-198.003256
-61.280140
-119.555673
42.863544
-16.061904
55.848305
80.619074
w= 0.080000

iteration times= 641.000000

-45.192780
53.974334
-111.376831
-34.470078
-67.250066
24.110745
-9.034820
31.414672
45.348229
w= 0.100000

iteration times= 501.000000

-28.923378
34.543575
-71.281171
-22.060850
-43.040042
15.430877
-5.782284
20.105390
29.022867
w= 0.120000

iteration times= 410.000000

-20.085679
23.988594
-49.500813
-15.320034
-29.888918
10.715887
-4.015475
13.962076
20.154769
w= 0.140000

iteration times= 346.000000

-14.756825
17.624273
-36.367944
-11.255535
-21.959205
7.872897
-2.950144
10.257852
14.807585
w= 0.160000

iteration times= 298.000000

-11.298194
13.493584
-27.844207
-8.617519
-16.812516
6.027687
-2.258704
7.853668
11.337057
w= 0.180000

iteration times= 261.000000

-8.926968
10.661598
-22.000361
-6.808904
-13.283963
4.762617
-1.784655
6.205367
8.957675
w= 0.200000

iteration times= 232.000000

-7.230844
8.635894
-17.820292
-5.515212
-10.760010
3.857720
-1.445570
5.026348
7.255717
w= 0.220000

iteration times= 209.000000

-5.975904
7.137103
-14.727514
-4.558027
-8.892570
3.188198
-1.194686
4.154006
5.996460
w= 0.240000

iteration times= 189.000000

-5.021419
5.997149
-12.375203
-3.830008
-7.472229
2.678972
-1.003868
3.490519
5.038692
w= 0.260000

iteration times= 173.000000

-4.278606
5.109997
-10.544552
-3.263439
-6.366870
2.282675
-0.855367
2.974170
4.293324
w= 0.280000

iteration times= 159.000000

-3.689206
4.406069
-9.091986
-2.813884
-5.489801
1.968225
-0.737536
2.564463
3.701896
w= 0.300000

iteration times= 147.000000

-3.213708
3.838175
-7.920130
-2.451205
-4.782227
1.714542
-0.642476
2.233932
3.224763
w= 0.320000

iteration times= 136.000000

-2.824548
3.373396
-6.961052
-2.154380
-4.203129
1.506922
-0.564676
1.963417
2.834264
w= 0.340000

iteration times= 127.000000

-2.502022
2.988199
-6.166191
-1.908378
-3.723187
1.334851
-0.500197
1.739221
2.510629
w= 0.360000

iteration times= 119.000000

-2.231742
2.665400
-5.500090
-1.702226
-3.320991
1.190654
-0.446164
1.551342
2.239419
w= 0.380000

iteration times= 111.000000

-2.003004
2.392215
-4.936369
-1.527760
-2.980612
1.068621
-0.400435
1.392340
2.009894
w= 0.400000

iteration times= 105.000000

-1.807711
2.158974
-4.455073
-1.378803
-2.690002
0.964430
-0.361392
1.256587
1.813929
w= 0.420000

iteration times= 99.000000

-1.639647
1.958253
-4.040883
-1.250615
-2.439912
0.874767
-0.327794
1.139761
1.645287
w= 0.440000

iteration times= 93.000000

-1.493976
1.784276
-3.681879
-1.139507
-2.223143
0.797050
-0.298671
1.038502
1.499115
w= 0.460000

iteration times= 88.000000

-1.366889
1.632494
-3.368675
-1.042573
-2.034028
0.729248
-0.273265
0.950160
1.371591
w= 0.480000

iteration times= 84.000000

-1.255355
1.499287
-3.093801
-0.957502
-1.868057
0.669743
-0.250967
0.872630
1.259673
w= 0.500000

iteration times= 79.000000

-1.156935
1.381743
-2.851247
-0.882434
-1.721602
0.617235
-0.231291
0.804216
1.160915
w= 0.520000

iteration times= 75.000000

-1.069651
1.277499
-2.636138
-0.815860
-1.591717
0.570669
-0.213842
0.743543
1.073331
w= 0.540000

iteration times= 72.000000

-0.991885
1.184622
-2.444485
-0.756545
-1.475996
0.529180
-0.198295
0.689485
0.995297
w= 0.560000

iteration times= 68.000000

-0.922301
1.101517
-2.272996
-0.703471
-1.372450
0.492056
-0.184384
0.641116
0.925474
w= 0.580000

iteration times= 65.000000

-0.859791
1.026860
-2.118941
-0.655792
-1.279430
0.458706
-0.171887
0.597663
0.862749
w= 0.600000

iteration times= 62.000000

-0.803427
0.959544
-1.980032
-0.612801
-1.195557
0.428636
-0.160619
0.558483
0.806191
w= 0.620000

iteration times= 59.000000

-0.752429
0.898636
-1.854349
-0.573903
-1.119668
0.401428
-0.150423
0.523033
0.755017
w= 0.640000

iteration times= 57.000000

-0.706137
0.843349
-1.740263
-0.538595
-1.050782
0.376731
-0.141169
0.490854
0.708566
w= 0.660000

iteration times= 54.000000

-0.663989
0.793012
-1.636390
-0.506447
-0.988063
0.354244
-0.132743
0.461556
0.666273
w= 0.680000

iteration times= 52.000000

-0.625505
0.747050
-1.541548
-0.477094
-0.930797
0.333713
-0.125049
0.434805
0.627657
w= 0.700000

iteration times= 50.000000

-0.590273
0.704971
-1.454718
-0.450221
-0.878368
0.314916
-0.118006
0.410314
0.592303
w= 0.720000

iteration times= 48.000000

-0.557935
0.666350
-1.375023
-0.425556
-0.830248
0.297664
-0.111541
0.387835
0.559855
w= 0.740000

iteration times= 46.000000

-0.528184
0.630818
-1.301701
-0.402864
-0.785976
0.281791
-0.105593
0.367155
0.530001
w= 0.760000

iteration times= 44.000000

-0.500751
0.598054
-1.234092
-0.381940
-0.745153
0.267155
-0.100109
0.348085
0.502473
w= 0.780000

iteration times= 42.000000

-0.475401
0.567777
-1.171617
-0.362604
-0.707430
0.253631
-0.095041
0.330463
0.477036
w= 0.800000

iteration times= 40.000000

-0.451928
0.539743
-1.113768
-0.344701
-0.672501
0.241108
-0.090348
0.314147
0.453482
w= 0.820000

iteration times= 39.000000

-0.430151
0.513736
-1.060101
-0.328091
-0.640096
0.229490
-0.085995
0.299009
0.431631
w= 0.840000

iteration times= 37.000000

-0.409912
0.489563
-1.010221
-0.312654
-0.609978
0.218692
-0.081948
0.284940
0.411322
w= 0.860000

iteration times= 35.000000

-0.391068
0.467058
-0.963780
-0.298281
-0.581937
0.208638
-0.078181
0.271841
0.392413
w= 0.880000

iteration times= 34.000000

-0.373494
0.446069
-0.920470
-0.284877
-0.555786
0.199262
-0.074668
0.259625
0.374779
w= 0.900000

iteration times= 32.000000

-0.357079
0.426464
-0.880014
-0.272356
-0.531359
0.190505
-0.071386
0.248215
0.358307
w= 0.920000

iteration times= 31.000000

-0.341722
0.408124
-0.842169
-0.260643
-0.508507
0.182312
-0.068316
0.237540
0.342898
w= 0.940000

iteration times= 30.000000

-0.327336
0.390941
-0.806713
-0.249670
-0.487099
0.174636
-0.065440
0.227539
0.328462
w= 0.960000

iteration times= 28.000000

-0.313839
0.374822
-0.773450
-0.239376
-0.467014
0.167436
-0.062742
0.218157
0.314918
w= 0.980000

iteration times= 27.000000

-0.301160
0.359679
-0.742203
-0.229705
-0.448147
0.160671
-0.060207
0.209344
0.302196
w= 1.000000

iteration times= 26.000000

-0.289234
0.345436
-0.712812
-0.220608
-0.430400
0.154309
-0.057823
0.201054
0.290229
w= 1.020000

iteration times= 25.000000

-0.278002
0.332022
-0.685132
-0.212042
-0.413687
0.148317
-0.055578
0.193247
0.278959
w= 1.040000

iteration times= 23.000000

-0.267413
0.319375
-0.659034
-0.203965
-0.397929
0.142667
-0.053460
0.185886
0.268333
w= 1.060000

iteration times= 22.000000

-0.257417
0.307437
-0.634400
-0.196341
-0.383055
0.137334
-0.051462
0.178937
0.258302
w= 1.080000

iteration times= 21.000000

-0.247971
0.296155
-0.611121
-0.189136
-0.368999
0.132295
-0.049574
0.172371
0.248824
w= 1.100000

iteration times= 20.000000

-0.239036
0.285484
-0.589101
-0.182321
-0.355703
0.127528
-0.047787
0.166160
0.239858
w= 1.120000

iteration times= 18.000000

-0.230575
0.275379
-0.568249
-0.175868
-0.343113
0.123014
-0.046096
0.160279
0.231369
w= 1.140000

iteration times= 17.000000

-0.222556
0.265802
-0.548485
-0.169751
-0.331179
0.118736
-0.044493
0.154704
0.223322
w= 1.160000

iteration times= 15.000000

-0.214948
0.256715
-0.529735
-0.163948
-0.319858
0.114677
-0.042972
0.149416
0.215687
w= 1.180000

iteration times= 13.000000

-0.207723
0.248087
-0.511930
-0.158438
-0.309107
0.110822
-0.041527
0.144394
0.208438
w= 1.200000

iteration times= 13.000000

-0.200857
0.239886
-0.495008
-0.153200
-0.298889
0.107159
-0.040155
0.139621
0.201548
w= 1.220000

iteration times= 14.000000

-0.194325
0.232085
-0.478911
-0.148219
-0.289170
0.103674
-0.038849
0.135081
0.194994
w= 1.240000

iteration times= 14.000000

-0.188107
0.224659
-0.463587
-0.143476
-0.279917
0.100357
-0.037606
0.130758
0.188754
w= 1.260000

iteration times= 16.000000

-0.182183
0.217584
-0.448987
-0.138957
-0.271101
0.097196
-0.036422
0.126640
0.182810
w= 1.280000

iteration times= 17.000000

-0.176534
0.210837
-0.435066
-0.134649
-0.262696
0.094183
-0.035292
0.122714
0.177142
w= 1.300000

iteration times= 17.000000

-0.171144
0.204400
-0.421782
-0.130538
-0.254675
0.091307
-0.034215
0.118967
0.171733
w= 1.320000

iteration times= 18.000000

-0.165997
0.198253
-0.409098
-0.126612
-0.247016
0.088561
-0.033186
0.115389
0.166568
w= 1.340000

iteration times= 18.000000

-0.161079
0.192379
-0.396977
-0.122861
-0.239697
0.085937
-0.032203
0.111970
0.161633
w= 1.360000

iteration times= 19.000000

-0.156376
0.186762
-0.385387
-0.119274
-0.232699
0.083428
-0.031262
0.108701
0.156914
w= 1.380000

iteration times= 20.000000

-0.151877
0.181388
-0.374297
-0.115841
-0.226003
0.081027
-0.030363
0.105573
0.152399
w= 1.400000

iteration times= 21.000000

-0.147568
0.176243
-0.363679
-0.112555
-0.219592
0.078729
-0.029501
0.102579
0.148076
w= 1.420000

iteration times= 23.000000

-0.143441
0.171313
-0.353507
-0.109407
-0.213450
0.076527
-0.028676
0.099709
0.143934
w= 1.440000

iteration times= 24.000000

-0.139484
0.166587
-0.343756
-0.106389
-0.207562
0.074416
-0.027885
0.096959
0.139964
w= 1.460000

iteration times= 25.000000

-0.135689
0.162055
-0.334402
-0.103494
-0.201914
0.072391
-0.027127
0.094321
0.136155
w= 1.480000

iteration times= 27.000000

-0.132046
0.157704
-0.325425
-0.100716
-0.196494
0.070448
-0.026398
0.091789
0.132500
w= 1.500000

iteration times= 29.000000

-0.128548
0.153527
-0.316805
-0.098048
-0.191289
0.068582
-0.025699
0.089357
0.128991
w= 1.520000

iteration times= 30.000000

-0.125188
0.149513
-0.308523
-0.095485
-0.186288
0.066789
-0.025027
0.087021
0.125618
w= 1.540000

iteration times= 32.000000

-0.121957
0.145655
-0.300562
-0.093021
-0.181481
0.065065
-0.024381
0.084776
0.122377
w= 1.560000

iteration times= 35.000000

-0.118850
0.141944
-0.292904
-0.090651
-0.176858
0.063408
-0.023760
0.082616
0.119259
w= 1.580000

iteration times= 36.000000

-0.115860
0.138374
-0.285536
-0.088371
-0.172408
0.061812
-0.023163
0.080538
0.116259
w= 1.600000

iteration times= 40.000000

-0.112982
0.134936
-0.278442
-0.086175
-0.168125
0.060277
-0.022587
0.078537
0.113371
w= 1.620000

iteration times= 43.000000

-0.110210
0.131625
-0.271609
-0.084061
-0.164000
0.058798
-0.022033
0.076609
0.110589
w= 1.640000

iteration times= 47.000000

-0.107538
0.128434
-0.265025
-0.082023
-0.160024
0.057372
-0.021499
0.074752
0.107908
w= 1.660000

iteration times= 51.000000

-0.104962
0.125358
-0.258678
-0.080058
-0.156191
0.055998
-0.020984
0.072962
0.105323
w= 1.680000

iteration times= 56.000000

-0.102478
0.122391
-0.252555
-0.078163
-0.152494
0.054673
-0.020487
0.071235
0.102830
w= 1.700000

iteration times= 62.000000

-0.100081
0.119528
-0.246648
-0.076335
-0.148927
0.053394
-0.020008
0.069569
0.100425
w= 1.720000

iteration times= 68.000000

-0.097767
0.116764
-0.240945
-0.074570
-0.145484
0.052160
-0.019545
0.067960
0.098103
w= 1.740000

iteration times= 78.000000

-0.095532
0.114096
-0.235438
-0.072866
-0.142159
0.050967
-0.019099
0.066407
0.095861
w= 1.760000

iteration times= 89.000000

-0.093373
0.111517
-0.230117
-0.071219
-0.138946
0.049816
-0.018667
0.064906
0.093695
w= 1.780000

iteration times= 105.000000

-0.091287
0.109025
-0.224975
-0.069628
-0.135842
0.048702
-0.018250
0.063456
0.091601
w= 1.800000

iteration times= 126.000000

-0.089270
0.106616
-0.220004
-0.068089
-0.132840
0.047626
-0.017847
0.062054
0.089577
w= 1.820000

iteration times= 155.000000

-0.087319
0.104286
-0.215195
-0.066601
-0.129936
0.046585
-0.017456
0.060697
0.087619
w= 1.840000

iteration times= 202.000000

-0.085431
0.102031
-0.210542
-0.065161
-0.127127
0.045578
-0.017079
0.059385
0.085724
w= 1.860000

iteration times= 291.000000

-0.083603
0.099848
-0.206039
-0.063767
-0.124408
0.044603
-0.016714
0.058115
0.083891
w= 1.880000

iteration times= 513.000000

-0.081834
0.097735
-0.201678
-0.062418
-0.121775
0.043659
-0.016360
0.056885
0.082115
w= 1.900000

iteration times= 2003.000000

-0.080120
0.095689
-0.197455
-0.061110
-0.119225
0.042745
-0.016017
0.055694
0.080396
w= 1.920000

iteration times= 45223.000000

NaN
NaN
NaN
NaN
NaN
NaN
NaN
NaN
NaN
w= 1.940000

iteration times= 18144.000000

NaN
NaN
NaN
NaN
NaN
NaN
NaN
NaN
NaN
w= 1.960000

iteration times= 11437.000000

NaN
NaN
NaN
NaN
NaN
NaN
NaN
NaN
NaN
w= 1.980000

iteration times= 8394.000000

NaN
NaN
NaN
NaN
NaN
NaN
NaN
NaN
NaN
